a = [02034   02048   02048   02048   02048   02056   02048   02048
02048   02048   02048   02048   02048   02048   02016   02048
02048   02048   02048   02048   02048   02048   02048   02048
02034   02048   02048   02048   02048   02048   02048   02052
02048   02048   02048   02048   02048   02048   02048   02048
02048   02048   02048   02048   02048   02048   02048   02048
02048   02048   02048   02048   02048   02048   02048   02048
02048   02048   02048   02048   02048   02036   02048   02048
02048   02048   02036   02048   02048   02048   02048   02048
02048   02048   02048   02048   02038   02026   02026   02034
02034   02034   02048   02048   02048   02048   02048   02048
02026   02048   02048   02048   02048   02048   02048   02031
02048   02049   02048   02048   02048   02048   02048   02036
02048   02034   02048   02048   02048   02048   02048   02048
02034   02064   02056   02026   02026   02042   02048   02048
02048   02048   02048   02048   02048   02048   02026   02048
02048   02032   02048   02048   02048   02048   02048   02050
02048   02048   02048   02050   02048   02048   02050   02048
02048   02049   02048   02048   02048   02048   02048   02048
02048   02048   02048   02034   02048   02048   02048   02048
02048   02048   02048   02048   02030   02034   02048   02048
02036   02048   02048   02048   02048   02048   02038   02048
02048   02048   02048   02034   02048   02048   02048   02048
02050   02048   02048   02048   02048   02048   02048   02048
02048   02048   02048   02048   02048   02020   02034   02048
02048   02048   02048   02048   02048   02031   02048   02048
02090   02048   02048   02048   02048   02048   02048   02048
02048   02048   02048   02020   02030   02034   02048   02024
02024   02048   02048   02048   02048   02048   02048   02048
02048   02048   02048   02048   02048   02048   02034   02049
02048   02048   02048   02034   02034   02040   02050   02048
02048   02048   02048   02048   02048   02048   02048   02050
02048   02048   02048   02048   02048   02050   02048   02048
02048   02048   02048   02048   02048   02034   02048   02048
02048   02048   02048   02048   02048   02048   02048   02048
02048   02048   02058   02034   02048   02048   02048   02050
02048   02048   02048   02050   02048   02048   02027   02048
02048   02048   02048   02048   02048   02048   02048   02048
02048   02048   02026   02042   02048   02048   02014   02030
02048   02048   02048   02048   02030   02050   02048   02048
02062   02048   02050   02048   02048   02048   02048   02048
02048   02048   02048   02048   02048   02048   02048   02048
02048   02048   02048   02048   02040   02048   02048   02048
02048   02048   02048   02048   02048   02048   02050   02018
02048   02048   02048   02048   02048   02048   02048   02048
02036   02050   02048   02034   02048   02048   02048   02050
02048   02040   02048   02048   02030   02028   02034   02048
02048   02048   02048   02048   02050   02064   02048   02048
02034   02048   02048   02048   02048   02048   02048   02048
02048   02058   02048   02030   02048   02048   02034   02048
02049   02048   02048   02048   02030   02038   02048   02048
02048   02048   02048   02048   02048   02048   02048   02048
02048   02048   02048   02048   02048   02048   02048   02030
02048   02048   02048   02048   02048   02048   02048   02048
02048   02014   02048   02048   02048   02048   02050   02048
02048   02031   02048   02048   02048   02048   02048   02048
02048   02030   02048   02038   02048   02040   02040   02048
02048   02048   02048   02048   02048   02048   02035   02048
02048   02048   02048   02048   02050   02048   02048   02048
02048   02048   02048   02048   02048   02048   02048   02048
02048   02048   02048   02048   02056   02048   02048   02048
02048   02048   02048   02048   02048   02031   02048   02048
02048   02050   02026   02038   02048   02048   02048   02048
02048   02048   02048   02048   02048   02048   02048   02048
02048   02050   02048   02048   02048   02048   02048   02034
02048   02048   02048   02031   02048   02048   02038   02048
02048   02048   02048   02048   02048   02048   02048   02048
02048   02048   02048   02040   02056   02048   02034   02048
02048   02048   02048   02048   02048   02048   02048   02048
02048   02050   02048   02026   02048   02048   02034   02048
02048   02048   02048   02048   02048   02048   02050   02026
02038   02048   02048   02050   02048   02048   02050   02048
02048   02030   02048   02048   02048   02048   02048   02048
02048   02048   02048   02048   02048   02048   02048   02048
02048   02027   02034   02026   02034   02048   02048   02048
02048   02048   02048   02048   02048   02048   02048   02038
02048   02048   02048   02048   02048   02030   02048   02048
02048   02048   02048   02048   02048   02034   02048   02048
02048   02048   02048   02048   02048   02028   02034   02048
02048   02048   02048   02048   02036   02034   02048   02048
02048   02048   02048   02048   02048   02052   02052   02048
02048   02048   02048   02048   02034   02036   02034   02052
02048   02034   02048   02048   02048   02048   02048   02050
02048   02048   02048   02048   02048   02048   02048   02054
02048   02026   02048   02049   02026   02048   02048   02048
02036   02048   02048   02048   02048   02048   02048   02048
02050   02030   02034   02048   02048   02048   02056   02048
02048   02048   02048   02048   02048   02048   02048   02048
02033   02048   02048   02048   02027   02034   02048   02048
02048   02048   02048   02048   02036   02048   02049   02048
02034   02048   02048   02050   02034   02048   02048   02048
02066   02048   02048   02048   02048   02048   02027   02048
02048   02029   02048   02048   02034   02048   02048   02052
02048   02026   02048   02034   02048   02048   02048   02048
02026   02030   02048   02048   02048   02048   02048   02048
02048   02049   02048   02048   02048   02048   02026   02034
02048   02048   02048   02048   02049   02048   02048   02048
02048   02048   02048   02048   02048   02034   02038   02048
02048   02048   02048   02048   02048   02048   02048   02048
02038   02048   02048   02048   02048   02048   02028   02048
02048   02048   02048   02048   02048   02030   02048   02048
02048   02052   02048   02026   02048   02048   02030   02030
02048   02048   02048   02050   02048   02048   02048   02034
02048   02034   02050   02048   02048   02048   02048   02030
02048   02048   02048   02048   02030   02048   02048   02052
02048   02034   02048   02048   02048   02034   02048   02048
02048   02048   02048   02048   02048   02048   02049   02048
02048   02048   02048   02036   02048   02048   02048   02048
02048   02052   02048   02048   02048   02048   02048   02048
02048   02030   02034   02048   02048   02048   02048   02030
02048   02048   02042   02030   02048   02038   02034   02048
02048   02048   02050   02048   02052   02048   02048   02048
02048   02048   02048   02010   02048   02048   02048   02048
02048   02048   02048   02048   02048   02026   02048   02048
02048   02048   02048   02048   02048   02048   02048   02048
02050   02048   02048   02026   02040   02048   02048   02048
02048   02048   02048   02050   02048   02042   02048   02048
02026   02042   02048   02048   02048   02064   02048   02031
02048   02048   02048   02048   02048   02048   02048   02048
02048   02048   02038   02030   02048   02048   02048   02040
02048   02049   02048   02048   02048   02048   02048   02032
02048   02048   02048   02052   02048   02048   02034   02048
02048   02048   02048   02048   02048   02048   02048   02048
02052   02048   02048   02048   02048   02048   02048   02048
02048   02048   02048   02056   02048   02050   02048   02048]


b = reshape(a',1,1000)
c = 0:999
plot (c,b)
